評論
"用餐前建議攜帶足夠的現金，老闆說結帳金額超過3000元才能刷卡！
烤物、炒飯的口味偏鹹，建議搭配飲品；沙拉中的苜蓿芽有點苦、生菜偏軟爛，可能是先前颱風造成農損、蔬菜復耕、品質穩定需要時間…
毛豆是老闆招待，服務人員態度親切，上菜速度很快。"
"造訪前先做了功課，評價高但兩極化，一顆星也很多。盡量用既來之則安之的平常心來品嚐與評論。
我個人很討厭評價五顆星送餐點這種行為，因此，我們也點了招牌鮭魚炒飯，但並非招待，也沒有免費的麻糬。
總結來說：餐點普遍有水準，沒有踩到雷，但也不是特別出彩，C/P值不高，一人825元的消費（附帳單），還是有肚子可以到三和夜市吃剉冰與炸蛋蔥油餅。l
整體用餐環境：日式的裝潢氛圍感不錯，居酒屋所以略有些嘈雜也在能接受範圍，預先有訂位，但帶的位置較為侷促。點的東西較多，服務人員沒有注意到在上菜時收拾空盤是美中不足之處，另外北海道烤鯖魚的盤子有缺角，個人覺得不太應該發生在這種價位的居酒屋。
下面進入餐點細項的評論，依上菜次序：
1.雪碧與哈密瓜生啤：淡淡的哈密瓜味道與香氣，入口很順。
2.招牌鮭魚炒飯--一般，沒甚麼鍋氣，鮭魚油脂的香氣也不突出。200元不算貴，是不是真的鮭魚卵？各位查一下鮭魚卵價格吧！
2.松阪豬超水蓮：水蓮炒得脆口好吃，至於松阪豬，應該是裝飾品，看起來比較像邊角料。
3.鹽烤燒鳥軟骨：還可以，沒吃到雞軟骨的脆韌。
4 無骨牛小排、明太子雞肉串：好吃多汁，就是份量稍少， 鹽烤雞腿蔥串算是比較今天驚艷的一道。
5.鹽烤蔥鹽牛舌：牛舌不錯，但蔥似乎沒有調味。
6.北海道鯖魚：肉嫩多汁，180元是可以接受的價位。
吃完還覺得有點餓，問天使要不要加點白醬烏龍麵？天使說再點下去人均逼近1000元了.....
好吧，是覺得C/P值真的是不怎麼高，於是走到三和夜市吃剉冰跟炸蛋蔥油餅。"
"餐點超級好吃！大力推薦！
喜歡白醬烏龍麵、橫隔膜跟松阪豬炒水蓮
毛豆招待，還可以續一次超讚😍😍😍"
店員服務親切，餐點種類多樣，調味恰到好處，很適合朋友聚餐小酌👍🏻
"三重居酒屋首推，離捷運近，餐點很不賴
串燒陪酒🤤🤤🤤推周一時段，不會太爆滿，可以一直點餐，慢吃慢慢喝🤣🙂"
"店內氣氛真的很讚，桌跟桌之間空間寬敞，東西也好吃，上菜速度不會很慢👍🏽但價位整體吃下來三人平均900左右。

推薦品項👍🏽
白醬海鮮烏龍麵（超濃超讚😍）
明太子雞肉串（明太子超讚😃）
鹽烤節瓜（水分爆汁）
膝蓋君的秘密（喜歡雞軟骨的愛好者推）

膝蓋君相較於三角軟骨更值得點❗️
湯類都蠻大一碗，建議可以兩個人喝一碗！
培根辣炒高麗菜偏鹹要配飯吃，鮭魚炒飯也很優秀，我們三個人點一份分著吃剛好😀"
"非常好吃氣氛也很讚
超級推薦來吃😋"
食材新鮮、好吃😋，環境氣氛佳，店員服務也很好值得來嚐鮮～
"希望有簡單純粹的培根番茄捲
膝蓋君蠻特別的！
羊肉串是會嚇到的味道！！！"
店員服務超級好！很會推薦！餐點真的好吃到爆！真的不要錯過了！招待的毛豆真的超級入味的！一定還會再二訪的！👍👍
"服務比較冷淡，也能理解餐飲業的辛苦，餐點上一切ok,正常發揮～"
"培根角椒真的好辣😆
好適合星期五晚上來一杯生啤酒（泡沫綿密細緻又清爽）"
"開到深夜的居酒屋🏮
真的很方便👍🏼
以前經過都沒發現有這家
可是價位不便宜，點太多會荷包大失血🥲💰
4個人吃。點了一瓶 18天跟幾道肉，
平均一個人花費$500左右"
"食物好吃，冷氣夠涼，上菜速度不錯，整體來說是會再回訪吧店！
五星好評送麻糬"
"餐點美味氣氛佳，尤其是烤物很好吃
值得再訪"
東西很好吃😋，炒咖喱牛小排烏龍麵超推薦
"鹽烤雞腿串很好吃～
哈密瓜orion特別😆甜甜的
炒水蓮下飯!!"
"三重深夜美食推薦老味噌居酒屋，熱情氛圍超適合聚餐，用餐尖峰時段源源不絕的客人總是熱鬧滿座，沒預約就要現場等候！

鹽烤香料豬五花：外層焦脆不油膩，鹽烤帶出肉質的鮮嫩與多汁，香料的香氣平衡了肉質的油脂，呈現出既豐富又細膩的口感。

鹽烤雞腿蔥串：雞腿肉的鮮美與蔥段的清香透過鹽烤完美融合，尤其是烤至焦黃的蔥香十分誘人，與雞腿肉搭配，每一口都蔥香四溢。

明太子雞肉串：雞肉表面是滿滿的明太子醬，烤至表面微焦，明太子的鹹香與雞肉的柔嫩相互映襯，口感飽滿濃郁。

櫻桃玫瑰鴨胸：烤得剛剛好，軟嫩不柴，細緻多汁，配上蔥段，讓甜潤的鴨肉多了一絲高雅清香，美味無比。

鹽烤櫛瓜：烤櫛瓜的魅力在於它的簡潔與純粹，鹽的點綴讓櫛瓜的甜味更加凸顯，清爽可口保留脆嫩口感。

午仔魚一夜干：經過碳烤逼出午仔魚濃郁的油脂芬芳，表皮金黃酥脆，肉質非常細緻，細膩的魚肉在咀嚼間逐步釋放，在細膩與鮮味間達到了完美的平衡。

和風炒烏龍麵：色香味俱佳的炒烏龍麵一入口就是噴香撲鼻的鍋氣，麵條的Q彈口感與豐富的配料相得益彰，每一口都是享受。

培根辣炒高麗菜：鹹香的培根與清脆的高麗菜加上微辣滋味好過癮，上桌瞬間香氣撲鼻而來，令人食指大動，下飯又下酒！

和風雞塘揚：每一塊都很扎實，外酥內嫩的雞肉搭配醃漬入味的香氣，一口咬下多汁可口。

鮮榨柳橙果實酒：濃郁果香入口甜中帶甘，微酸甜的滋味加上不會太濃烈的口感，喝起來相當清爽順口。

哈密瓜果實酒：香甜柔和，一入口，哈密瓜的微甜滋味就像是品嚐夏天的微風，輕鬆愜意的風格很適合在夜間小酌。

日式麻糬燒：外皮微焦，口感軟糯，搭配煉乳和花生粉，甜而不膩。"
近在三重家附近的居酒屋，每個料理都很美味，尤其是白醬烏龍，串燒口味多變化，服務員服務親切貼心，如果酒類再多一點份量多好🤭
醬燒橫隔膜太鹹了，其他東西都還蠻好吃的，適合下班小酌，雖然假日有限時2個半小時，但如果客人沒滿或後面沒預約好像不會趕人～邊聊邊喝酒很爽～
餐點美味，啤酒冰涼，服務佳，氣氛熱鬧，適合放鬆小酌的好地方
"奶油烏龍麵超級好吃！！
其他的肉串也很棒"
首次造訪 餐點小巧精緻美味，服務人員親切有禮，有表示唯二的餐點有點冷了，主廚或是店長類的人員立即來關切問候，在鬧區這樣的價位跟餐點 給過👍👍
"第一次過來,覺得開這樣久應該是非常不錯的,gogo!培根干貝很鮮,口感軟嫩,雞肉產品比較沒味道,牛小排很juice 驚豔,明太子的產品有點少了明太子的濃稠感,太青生～招待的麻糬跟我想得不一樣是煉乳口味,蔥牛串也很焦香很下酒,氣氛不錯,雞肋骨咬的挺磨牙的呵...生意不錯哦！建議提前訂位！音樂很動感～可以邊熱舞的等級～"
"奶酒超好喝🥰

食物也很驚豔，非常好吃❤️"
"餐點好吃👍👍推一個👍👍
近期有推出許多新品項，也都很好吃👍👍"
"餐點好吃之外～妹妹服務態度好又很可愛❤️
還遇到喝生啤喝7杯送衣服的活動
衝了衝了"
"打卡送麻糬
餐點中規中矩
喜歡白醬烏龍麵"
"4/4更新
炒烏龍很好吃😋這次的和風沙拉是柚子口味，感覺會隨季節調整❤️QQ蛋、燒麻吉必吃👍🏻

———————————

原本不知道這家店，看到評價還不錯，於是跟男友一起去探店。
店家氛圍非常日式，陳列很多日本酒（瓶），可看到廚房內的碳火，感覺是間本格日式居酒屋😃

我們點了：
極黑和牛肋條
醬燒牛王橫隔膜
培根蘆筍捲
明大子雞翅
鹽烤七里香
鹽烤鮭魚肚
蛤蜊絲瓜
酥炸三角軟骨

上菜速度滿快的，每一道都料理的恰到好處，橫隔膜軟嫩搭配醬汁，培根自帶鹹味提升了蘆筍的甜味，七里香去骨肉也是很嫩，鮭魚魚皮烤的焦脆搭配肚子的油脂入口即化，蛤蜊絲瓜清甜爽口，炸三角酥脆的像餅乾。

是讓人吃了有幸福感的料理🥰
很開心探索到一間很棒的店家，下次再來用餐😋"
冷氣夠冷，餐點好吃，音樂好聽。
"白醬海鮮烏龍麵真的很好吃！
非常濃郁！雖然料少了一點🥲

牛橫隔膜有嚼勁 味道很好
搭上蔥及洋蔥超好吃！

出菜速度不一定
有時快有時慢
可以跟朋友聊聊 一下菜上就了😂

梅酒及柚子酒好喝
但可以在大杯一點點😭😭😭

整體來說食材不錯但不會常常吃
荷包會失血🤪🤪🤪"
"用餐場所及氣氛、還有店員服務都不錯，也會主動推薦活動與料理。但我們那天五個人去用餐，一致覺得料理調味就是重、而且烤肉類吃幾串就很膩。尤其是豬五花上面第一塊完全都是肥肉，吃了感覺超肥、超噁，其他烤肉也都偏鹹。
很難得在燒烤店坐不滿兩個小時直接買單走人的！當然味道很主觀，但不是只有我自己一個人這個感覺、同行五個人都吃不太下去就有點扯。只有炒飯及烤魚味道還不錯，其他的個人就不是很推薦了…."
餐點都水準之上，其中推招牌鮭魚炒飯 極黑和牛肋條 松阪豬 奶油馬鈴薯跟蛤蜊絲瓜湯
明太子雞肉串好吃😋會送一盤毛豆，orion 果然好喝😋
"推薦週五下班的上班族可以來這裡喝一杯！
三重區平價好吃的居酒屋，絕對是大拇指👍"
推培根干貝，烏龍麵，椒鹽雞軟骨。
"餐點：
✏️雞皮、雞膝軟骨、牛肉蔥捲、松阪豬炒水蓮
每道菜都蠻可以的，最有印象的幾道是
雞皮完全沒有腥味，不敢吃的也可以入口！
還有雞膝軟骨，有軟骨的嚼勁又有肉的軟嫩 完全可以點！
氣氛：不會太吵、桌面也寬敞、上菜速度算快
交通：在天台附近，附近交通便利"
"挺好吃的
環境也不錯
一開始還會貼心的詢問口味輕重
味增是甜口
印象深刻的是角椒，難得吃到真的會辣的
不吃辣建議別輕易挑戰☺️"
服務很親切，餐點好吃，還有招待的毛豆很入味👍👍👍
"平日來訪，店內有七位服務人員，
今天有先電話訂位，晚上1915抵達店內沒有很多人。
服務人員很熱情的打招呼，點餐方式是自己畫點餐牌，招牌菜都有特別畫記號可以品嚐看看。
我認為品質不錯，串燒相當新鮮，也有提供無限量的七味粉當佐料
今天點相當多不同種的串燒，牛筋串不錯、炸雞捲、烤牛排串都很好吃
啤酒現拉也相當新鮮好喝
願意再訪"
"很喜歡這裡的食物，簡單美味
最愛炒水蓮了。
颱風天，喝杯酒暖暖身，開心又舒服。"
時隔一陣子，依然很好吃啦！超推
"有著濃厚居酒屋的氛圍，裡面坐位不是很多，所以需要聽從服務人員安排坐位，如有問題要請教服務人員，她們不是很熱情，只會淡淡的回覆你😅，真是枉費有那麽濃厚日式風格、卻沒有日式風格的熱情，
餐點都是小小ㄧ份，大食量的口袋可能要多帶點鈔票（因爲只收現金🤣🤣🤣、價格不平價），烏龍麵好吃，但份量真的少的可憐，還有那烤的黑嬤嬤的牛肉，真的難吃，味增湯更早，比路邊攤賣涼麵的糟10倍，看到他們在Google4.9顆星🌟，原來是送東西刷出來的🤣🤣🤣，真的消費ㄧ次就bye了！"
"份量真的很少⋯ 香菇超級小超級薄⋯
好像被縮小燈照過😅
端出來不會尷尬嗎？
雞軟骨也是 ⋯
白醬烏龍麵好吃 但是少到要跟男友搶食才能吃到一碗..
可能是因為食材都漲價吧～
兩個人吃快兩千還是吃不飽🥲
位子很擠、桌子很小、其實用餐環境不是很舒適⋯
還好附近有夜市，還可以去夜市續攤！
服務和味道都是很好的，就是份量有點⋯
（猜測跟樓下說的一樣 評價可能是打卡送麻糬刷出來的）

時代不一樣了，在三重也吃不到cp值高的店了。"
"東西好吃，橫隔膜和麻糬必點！
店員親切，已列入愛店名單～"
"4/30二訪，這次是3人用餐，除了之前吃過的品項，還加點了其他的餐點。

看到網友推薦焦糖QQ蛋，點了沒有失望，在鹹鹹的菜色中是一個轉換味道的亮點👍🏻

特別要講一下，鹽烤松板豬不太推，肉切的比較薄烤起來比較乾，沒有松板豬軟嫩的口感😅

另外，留下Google評論可以贈送日式烤麻糬，熱熱的麻糬淋上甜甜的煉乳，真的是超級好吃😋極推👍🏻

本回點餐點太多了，吃得飽到一個不行😅"
餐點好吃，服務親切，非常適合三五好友來聊天吃飯。
"東西真的很好吃😋
酒也很特別 口味很多
果實酒👍👍👍
麻吉燒要推推推"
好讚 最好都不要來不然我吃不到☺️
必須先稱讚這家的油煙處理方式一級棒，燒烤的部分在店內，不過進到店內用餐卻完全沒有聞到什麼油煙味，而且用餐氣氛跟環境都很棒，很適合朋友聚餐小酌的選項。啤酒、梅酒等酒類選擇很多。食物方面當天點了鮭魚炒飯、酒煮蛤蜊、明太子山藥、水蓮等等，大部分的口味都很滿意，例如明太子山藥有滿滿的明太子醬、鮭魚炒飯的鹹度剛剛好，份量也十足；不過有幾道口味吃起來表現沒那麼亮眼，像是水蓮偏軟爛，沒有青菜清脆的口感。不過就整體氣氛跟價格，這家居酒屋蠻值得作為聚會的場合的。
推薦明太子雞肉串.鮭魚炒飯.牛肉橫隔膜～明太子的量很夠，明太子愛好者一定要點，搭配上雞胸讓整體感覺更不油膩，鮭魚炒飯粒粒分明調味很夠，非常下酒，牛肉橫隔膜很嫩超讚💕 …
"CP值很高的一間居酒屋
每份串燒都是兩串為主
串燒幾乎都沒有雷的好吃
日式麻糬燒推薦當飯後甜點
清酒順口，沙瓦也好喝"
"在天台附近，酒不貴東西又好吃！
用餐期間幾乎都是高朋滿座，建議來之前要先訂位。另外週末每個人有低消500元(很好點，我們四個人就吃了4500多，每次都把單點當成吃到飽再點XD)

服務人員的服務也都很親切,很主動來收碗，上菜時間也不會很久，店內衛生也保持得很不錯！

餐點部分幾乎都很好吃，尤其是白醬烏龍跟炒水蓮我們點兩次XDD肉串類也都還可以(比較一般,但都是好吃的)。
個人比較不喜歡的是起司香菇甜甜又鹹鹹的，味道滿奇怪，我一個愛甜口的人都沒辦法接受；還有角椒的部分太辣了，是那種會辣得不舒服的那種辣（我平常都吃大辣那種，但這個辣還是會辣的胃不太舒服😭），如果不喜歡的人盡量避開。

另外現在打卡有送麻糬，麻糬烤的軟軟的入口即化配上煉乳跟花生粉超好吃！

會再回訪！！！"
"服務態度好，烤功也不錯
串燒價格大約落在$50～$100/串之間
吃起來不會很負擔
鮭魚炒飯、明太子雞肉串、節瓜很好吃😋
但白醬海鮮烏龍麵不推，份量少，口味偏鹹

整體蠻推薦的👍🏻"
"10/08初次來訪。
幸好當初有訂位，我們訂18點，但18點30分已經客滿了。

上菜速度我覺得捏得不錯，不會一次全部上，也不會中間等待時間太久，大概是這盤剛吃完或快吃完就剛好上下一道菜的速度。

喜歡山藥蛤蠣湯、明太子山藥、培根蘆筍捲。
打卡還會送一盤烤麻糬（淋煉乳），我還滿喜歡的。

店內有洗手間供使用。

Ps. 內用不能攜帶外食（包括飲料），還好店員有借我們冰手搖飲。"
"上菜迅速，烤得恰到好處
家人很喜歡鹽烤雞腿，培根蘆筍
個人很喜歡起司烤香菇，培根番茄"
"公司Team building 聚餐包場✨ദി  ᷇ᵕ  ᷆  )
根本不知道是哪個厲害的同事點餐的，整個玩遊戲氣氛太嗨！然後喝到快結束餐點還是一直上，吃得太飽喝得太多🤣但確實大家都說很好吃很好喝，記得點水梨酒、柚子酒👍🏼
適合聚餐很有氣氛的居酒屋🏮值得再訪！"
五星好評送麻薯！👍
餐點很好吃，但奶酒未免也裝太少了吧？如果要這樣不如換小一點的杯子給我然後裝滿的，送上來的第一眼也不會那麼傻眼！第一次去居酒屋被酒氣到！
"上菜速度花色💨
鮭魚炒飯很入味，烤串拿捏恰到好處👍🏻
重點價格實惠，少數在三重CP高的居酒屋🏮"
"✨星期四
6:00開門 17:50就在門口等
沒有訂位店員告知只能吃1.5小時

✨點了蠻多東西的 總共花了$1573元
兩個人吃太多了🤣下次可以再少點一樣

💔最失望的是老味增豬肉 整體調味太甜了
吃到有點害怕😱"
好吃 😋很有氣氛喔 …
個人口味覺得小小鹹，但吃得出食物原味的的，不是重口味那種，還是很好吃👍🏻
啤酒搭配下酒菜，晚餐宵夜好去處
很有日本味的居酒屋。氣氛不錯，餐點好吃，有一定水準。味道偏重一點點，會多喝杯啤酒。
"初體驗 服務不錯，廁所很乾淨。
滿3000可以刷卡，建議先訂位，客人非常多。

個人口味偏淡，所以味道有點太重，肉偏肥，喜歡重口的朋友可以吃看看。

想吃清淡的朋友，可能請店家少油少鹽瘦一點，或是喝個湯。"
"看評價慕名而來的
但幾乎所有的餐點都令人很失望😭
沒什麼拍照因為餐點都不如預期

酒蒸蛤蜊超級小 不如夜市的大顆
吃起來超空虛
咩咩羊肉串吃起來超奇怪 很像碎肉組成的
明太子雞肉串雞肉完全沒調味
只有明太子的味道而已

醬燒橫隔膜的醬跟肉不搭
另外點了別的牛肉串 醬就跟橫隔膜一樣
忘記點了什麼雞肉 有濃烈的酒味 吃起來超怪
松阪炒水蓮份量很少但口味算還行
綜合養生菇就很一般
鹽烤松阪豬還算可以
最好吃的算是白醬海鮮烏龍麵了
但裡面是放蟹肉棒有點沒誠意
炸肥腸還算可以
最後上的烤中卷也是還行
只是前面吃的太雷
也沒有什麼心情吃了
店員說已經做了不能取消

沒有遇到評論說的店員態度不好
店員的態度都不錯

兩個人點下來也花了要2700元
真的超級空虛

心心念念期望的居酒屋
真的挺失望的😞

圖一是只吃了幾口的咩咩羊肉串
真的太難吃了☹️"
很好吃的居酒屋~氣氛也很好非常日式感~還能看到很多日本小物，還有沖繩的ORION生啤，唐楊雞必點啊!!好好吃~皮薄脆 肉嫩多汁，就在三重天台旁邊，交通很方便
一定要訂位！現場來一定沒位子。推薦焦糖QQ蛋、牛舌、鹽烤雞肉串、炒水蓮、櫻桃鴨胸、角椒超辣但很好吃，干貝很大顆很香甜，店家招待烤麻糬👍至於很多人推薦的海鮮烏龍麵很看人，好吃但因為是奶味偏重的，害怕的人要注意～
"價位中等，選項不少，該有的都有，位置在捷運站附近，如果有小酌的話很方便，當天比較不舒服的時店裡只有一組客人，居然要我們坐吧台，有點搞不懂這是什麼邏輯，不然餐點上都沒有問題。
20230607二訪
整體而言還是一個不錯的用餐體驗，東西還是很有水準。"
"店員的服務非常親切，餐點都很好吃
烤麻糬更是一次點了兩份！！！
真的是太太太好吃了～

鮭魚炒飯香氣很足，粒粒分明（一上菜掃太快來不及拍），烤串水準也不錯
QQ蛋的口感很特別

下次必會回訪

大推！"
價格合理，餐點好吃！！餐前還有附毛豆⭐️
東西好吃，氣氛不錯
"烏龍麵好讚
每次來都吃
還有麻糬甜點也是必點！
推薦的👍味噌豬🐷蛋蛋丸🥚烤雞🐔雞捲唐揚
還不錯👌肥腸.培根蘆筍卷
普普💔牛排🥩香菇🍄炸三角軟骨.明太子山藥
之後想吃：鹽烤鮭魚肚
兩人一麵+3-4串比較剛好 每次都點太飽"
味道可，湯有點小碗，焦糖QQ蛋不錯，培根角椒有辣
"份量偏少 口味偏重 價錢也貴 基本都要100元以上 烤松阪豬 大概只有10片 （而且是超小片的）
白醬海鮮烏龍麵超奶超鹹 不推
店員很熱心說可以調整鹹淡 但講了還是差不多 後面照片都懶得拍
詢問有沒有打卡送麻糬  服務生說問看看結果一去沒回應
再詢問還有沒有菜未上 表示都上完了
所以起身去結帳 結果櫃檯表示還有蛤蜊絲瓜還沒上
一家四口馬上又坐回去吃 份量少蛤蜊也不肥美
不到3分鐘完食 再度起身去結帳

除非別人請客
應該不會主動想再去吧"
"餐點好吃都在水準之上
大推醬燒牛肉橫隔膜與膝蓋君的秘密
值得推薦的店家"
氣氛很棒 非常適合小酌聚餐的地方 餐點也很棒 吃到很多很驚艷的料理 有機會還會再次前往消費 可以提前預訂位置覺得很讚 推一個
哦哦他現在有打卡送烤麻糬 超級好吃 整個脆脆都是均勻分散的 這是我二訪 水蓮好吃 量雖然不多 都好吃🥂🥂🥂🎂🎂 然後生日送一杯酒 但好像要點到多少才有沒聽清楚❤️ 店員講話溫和 有耐心 …
"一個字，好吃😋

啤酒搭配各式串燒，完美的跨年體驗。

明太子雞肉，明太子香氣搭配多汁雞胸肉

唐揚雞，特別的是用的不是卡拉雞炸粉是脆皮雞炸粉，也沒有擠整排美乃滋，優點是不會膩

蔥，很香、一不小心就通通收進嘴巴裡

雞腿捲（？）口感嫩外皮酥脆😋

水蜜桃、水梨、哈密瓜利口酒，又香又甜，中和串燒的鹹味"
我自己當天點的 其中偏愛這兩樣🥵🥵 ❶ 白醬海鮮烏龍麵 哦拜託 這真的必點‼️ 跟外面吃到的口感完全不一樣 ❷ 焦糖QQ蛋 這超特別的 第一次吃到 讓人印象深刻呀🤤 …
酒蒸蛤蜊酒香濃郁，烏龍麵柴魚香氣四溢，麵條軟嫩新鮮好吃，串物烤得很恰當，麻糬也非常外酥內軟甜而不膩，蔬菜類的也很厲害，幫料理好切好，進食方便，吃的很開心
"用餐前，店員說在google評五星評論會送烤麻糬一份，但結帳完離開後才想到咦！剛剛沒吃到烤麻糬耶！然後順便也發現少上了烤櫛瓜！好吧！太晚發現，只好自認倒楣😅。
餐點都不錯吃，等待時間也不會太久，週末晚上用餐，用餐時間兩個半小時算綽綽有餘，不會太趕，推薦：白醬海鮮烏龍麵、培根捲鮮干貝、鹽烤蔥鹽牛舌、鹽烤無骨牛小排、鹽烤松阪豬。酒點了：紅茶梅酒和花之露紫蘇梅酒，都不錯喝。
店員服務態度親切良好，推薦喔！
下次去會確認所有餐點都有上齊😅"
"4.3
大馬路旁 門面較暗不顯眼
直接認中國信託銀行比較快

烤工不錯 熟而不過柴
服務人員大部分都是優秀的

#生意很好 有限時2.5H
#大桌的位置不多 盡早訂位(營業前可以利用google地圖或是FB訂位）"
"需要訂位的店唷
每道料理都在水準之上
出餐速度偏慢 服務態度不錯
唯一烏龍麵是偏甜的 個人比較不喜歡"
"覺得還好 有些點了也沒送來
還算錢 還硬要我們只能打包外帶
又還沒烤 第一輪的有些根本都沒上
有個主管態度也不是很好
在烤物區的那位男性！
反正是不會再來了啦
真的很普⋯
還感覺被盤了
不是我們點的也算在內ㄏㄏ"
"服務態度佳、肉質嫩。
松阪豬必點！！另外網友們普遍都推的明太子海鮮烏龍麵、櫻桃玫瑰鴨胸也很好吃～有機會願意回訪👍🏻"
"週末宵夜時間到店裡吃飯，附近巷弄不太好停車，我們是將車子停在三張停車場後走路約5-8分鐘可到達，進門後工作人員熱情的招呼我們坐在吧檯的位置，親切的解說了菜單，介紹時還說了如果沒有想喝的飲料，也是可以提供水給我們，感謝店員的貼心告知！
我們大約點了6、7樣食材，上菜速度蠻快的，沒過一陣子桌面就被塞滿了；大概上到第二盤還第三盤時，就有店員過來詢問餐點是否需要調整，當下沒想太多，但吃完一輪下來，發現餐點調味真的都偏鹹⋯會讓人忍不住一直喝東西，默默的就再續杯了😆
整體來說，服務非常好，店員會隨時注意你的需求，中間還有招待一盤麻糬，也是給的誠意十足，下次有機會會再拜訪，小小建議希望可以提供刷卡或第三方支付，吃一頓下來價位也不算低，只有現金支付稍嫌不便！

到訪時間：2023/05"
出餐速度快、環境良好.下班聚餐的好去處.讚
"好好食🥰
超推薦雞腿蔥串、日式麻糬燒、醬烤雞心、鹽烤柳葉魚、奶油綜合菇，蔥鹽雞菲力有醃過酒，滋味很特別 …"
"人生鼎沸，很熱鬧
焦糖QQ蛋、明太子山藥、白醬烏龍麵、鮭魚炒飯都不錯
明太子雞腿上的明太子舖很多"
"沒訂位基本上吃不到，這間人真的很多，雖然被安排在吧台但更有居酒屋的感覺。服務人員態度自在，點的菜色都很好吃，尤其是炒飯真的有驚艷到。
不過店小，座位難免比較近，又一直都是客滿狀態，怕疫情傳播的人可能要考慮一下。
有機會還會再去其他分店試試！"
"宵夜好地方不過店家的候位方式很奇怪
有幾桌空桌等半小時空桌一樣還在
感覺白等
不過東西好吃辣椒培根有點辣…配酒也是很讚啦"
"餐點好吃，尤其是烏龍麵極推薦
不錯吃的還有雞肉串 羊肉串，有入味"
"東西美味好吃！！！
一定要點 白醬烏龍麵
真的是有夠好吃的啦🥺
串燒就是一般店面會有的
覺得不用點太多串烤類的🤣

現在還有打卡送 麻吉的活動

熱騰騰的時候吃真的很讚 烤的剛剛好🥳

店面環境很乾淨
人潮滿多的 建議要致電預約

附近有停車場 如有開車可以停在附近國小（收費）"
"大推烤牛小排跟明太子串燒系列
真的有夠好吃 推推 👍"
我非常喜歡店內營造的氛圍，在這裡跟朋友聚餐真的很放鬆又很有置身於日本的感覺，然後餐點方面各種烤物都非常有水準，下次還會想再光顧！
餐點好吃～ 用餐環境佳！ 會再次回訪！
阿姨來吃了四次很推薦！今天來吃晚餐😊吃起來也是很滿意❤️❤️烤牛超嫩、味增豬肉超入味！白醬烏龍麵也很推喔～
"餐點樣樣都好好吃😋
用餐環境好👍👍"
每一道的調味都十分特別用心，牛舌很推薦，意外的多片份量很夠，若要點很多道的話建議分批酌量點，因上菜速度挺快會一次上，桌子不大很容易爆桌XD
"這家位於三重，台北橋捷運站附近，餐點超級多樣化，讓不論喜歡吃麵、吃飯、串燒、下酒菜、燒烤，或是喜歡下班小酌的你都能在這裡吃的滿足，喝的快樂！店內外裝潢都很日式，很適合一群朋友、同事來聚餐！

一進店內就被滿滿熱鬧的氣氛渲染，大家乾著杯聊天和吃著串燒，超級chill🍻

這次吃的比較特別的是第一次吃魚下巴，還以為會很沒有肉，結果超多肉！肉質很鮮甜，肥Q肥Q的，很推這道 #鹽烤圓鱈下巴，不敢吃有刺魚的我也很喜歡~

🍢串燒類的 #鹽烤無骨牛小排、#老味噌豚肉串、#明太子雞肉串都不錯，看個人喜歡哪種肉類，牛小排上撒了玫瑰鹽和胡椒，提出整個牛肉原有的鮮味；#老味噌豚肉串 濃郁的醬燒味，很下飯也很下酒，香氣十足，#明太子雞肉串就更不用說了，居酒屋地必點菜色！鹹香的明太子鋪厚厚的在軟嫩雞肉上，絕對是絕佳組合！

🥒蔬菜類的明太子山藥，別於以往吃的口感(以前的是綿密路線)，這家的是脆口路線！脆脆的山藥配上香濃的明太子很豐富的口感；節瓜是鹽烤的，清淡的節瓜香氣佐鹽巴，提出了蔬菜的鮮味。

🍝如果會餓的話可以來份主餐，白醬海鮮烏龍麵，分量滿多的，還有兩隻蝦子、三條蟹肉棒在裡面，吃起來1-3人可以分食，一個人吃完一整份可能會有點太膩，但多人一起share就會很剛好~

🍗炸物部分的 #秘製雞捲唐揚 也很讓我們讚不絕口，表皮詐得金黃酥脆，肉也是很厚實，吃起來卡滋卡滋超滿足！

🍡甜點的 #日式烤麻糬，網路上看過大家都很推薦，就點了來試試看，表皮烤的很酥，內軟Q彈不黏牙，很適合當飯後甜點，沾著花生粉很享受！

🍺這家除了酒類也有無酒精飲料，可以選擇，所以如果真的不喝酒也可以一起來居酒屋，不用怕！

-

🔆鹽烤無骨牛小排 $200
🔆老味噌豚肉串 $110
🔆明太子雞肉串 $120
🔆鹽烤圓鱈下巴 $280
🔆明太子山藥 $140
🔆鹽烤節瓜 $100
🔆白醬海鮮烏龍麵 $230
🔆秘製雞捲唐揚 $120
🔆彈珠汽水沙瓦 $90
🔆山梨葡萄 $100
🔆日式烤麻糬 $90

🎉打卡或google評論就送日式烤麻糬唷🎉
-"
整體上來說很不錯😌，東西也滿好吃的，謝謝店家🙂
"奶油白醬海鮮烏龍麵大推，奶味很夠！
其他餐點也很棒～好吃！
水蜜桃果實酒也好喝，但蠻小一杯的！"
小酌 餐敘好去處
"【老味噌居酒屋】充滿日系氛圍的裝潢,加上青春的工作人員
真的有一種來到日本的感覺
雖然已經要解封了,但是近期沒有規劃出國的朋友
還是可以來這裡感受一下!!"
來好多好多次了，父親節、生日、家庭聚餐、單位聚餐……，這裡真的氣氛輕鬆、服務好、餐點好吃，值得推薦！！
很有日式風格 東西很好吃
上菜速度快，烤物好吃，酒也好喝，適合下班或休假時小酌一番，假日2.5小時，滿$3000可刷卡。
燒烤類都很好吃，不會太鹹，也不會太熟變柴，唯一缺點因為座入口邊，且大門不是電動的所以只要有人出去抽煙一般都不會關好，熱空氣和煙味就會篡進來。
每道料理都非常好吃，白醬烏龍麵加了明太子調味，降低白醬的膩味，有驚豔到的一道菜，非常適合約三五好友小酌😋😋😋 …
"空間舒適又乾淨，店員服務好👌🏼
每次吃都依然好吃的蕃茄培根捲跟Q彈烏龍麵都是必點😍😍😍第一次吃大腸頭外皮酥脆內軟👌🏼好吃超推！👍🏻👍🏻 …"
東西好吃，服務好，氣氛好！
"這是第二次來光顧，店面很乾淨，餐點也美味，因為好吃所以來不及拍上美食🤣🤣，不過最在意的依舊是～洗手間！
這家店長及員工們把所有細節都照顧到，洗手間明亮、乾淨，沒有異味！在忙碌之餘也不忘將洗手間打掃乾淨！👍👍
會再來光顧！疫情期間辛苦了👍 …"
香烤中卷很鮮甜，擺盤也好看；白醬海鮮烏龍麵味道香濃純，蝦子的殼撥好了。培根捲鮮干貝的組合很特別，也很推薦鮮甜干貝。培根角椒也好吃~上菜速度快，柳葉魚的大小可愛，適合下酒食用。用餐時間來，也是略有人潮，尚有空桌。
"料理真的很好吃～
上菜速度也算快
超推烏龍麵♥️♥️♥️"
"還ok的一間店，三重能吃到這樣的，算不錯了。
今天點的菜色唯獨「老味增豚肉串」最難吃，肉超硬，醬料也還好，懊悔點這道，其他都還算好吃啦。"
"牛小排串燒、雞腿蔥串燒香嫩多汁必點！
一夜干油脂豐富超下酒，
鹽烤大草蝦，蝦肉肥厚Q彈鮮美，
餐點美味、好吃，價格也很實在，
整體的cp值相對於台北市的居酒屋高很多！"
"愛店來台北橋開店了
每一道都超美味 完全不雷
今天點椒鹽牛排 明太子雞肉串 一夜干 中卷 椒鹽節瓜
鮭魚味噌湯
必點白醬海鮮烏龍麵（份量雖然不多 但是味道驚人）
再搭配柚子酒 及啤酒
價位配得上食物的美味
會回訪的愛店❤️"
價位還可以，餐點中規中矩，有在水準內；店員長得好看，服務態度也不錯，感覺舒服；鮭魚炒飯很香，明太子雞翅微辣，中卷烤比較乾，吃起來有點像魷魚絲，切太小塊了。
"評論高都是刷出來的
普普
吃完當下還會拉肚子😒
烤物人員講話其實不用那麼兇
我們來消費 搞得我們欠你錢
聽說好像也是主管

消費昂貴 👍
歡迎喜歡被盤的人入內吃飯☺️"
下班來吃，每一道菜都很入味很好吃！炒水蓮很棒，炒飯也很不錯粒粒分明好好吃，明太子系列不錯也很讚，串燒味道很棒只可惜太快冷掉要趁熱吃，店內氣氛不錯，點下來一個人$550還可以接受，有機會會再考慮來用餐
"已經不是第一次來吃了，氣氛/食物都很好♥️
服務員都很熱情很貼心！讚讚"
"空間環境好，服務優良，適合三五好友聚會！
推薦餐點：
串燒
🥇鹽烤無骨牛小排-香嫩多汁 不會後悔！
🥈櫻桃玫瑰鴨胸
主餐
🥇白醬海鮮烏龍麵-不會膩的白醬！女孩子一個人就能吃完，而且蝦子沒有殼！

偏愛甜酒or梅酒不踩雷！
烤麻糬好好吃啊啊啊 外酥內軟 腦內啡大噴發！
會想再次造訪的店~"
"烤麻糬提醒三次
等了一小時最後也沒上"
"白醬烏龍麵好吃～
其餘各種雞肉、豬肉跟牛肉串燒也很不錯
氣氛佳"
"明太子系列好吃，炒烏龍麵也好吃而且來不及拍就被吃掉了XD
Orion生啤也很推!"
CP值不錯～～食物店內環境都👍明太子雞肉串好好吃🤤 …
第一次來，店內很有日本的感覺，客人好多
不錯吃，氣氛也很棒
餐點好吃 服務態度好 上菜速度快 還有一道菜鹽烤無骨牛小排～特好吃 還沒拍就吃完了😅
"點了蠻多道都不錯吃
今晚服務生們都棒棒
親切又人好
推薦我喝好喝的汽水
培根🥓番茄🍅卷最好粗
三重非常難得有好吃的餐廳"
"112/2/14初次訪店～
需要提前預約喔，不然候位都要等2小時以上喔…🥲
今天不太餓，所以沒有點主食配…。
不過有點了培根🥓鳥蛋和炒水蓮好吃喔！
很適合配白飯吃哈哈～😆
炸物也可以適合配飯，
明太子系列也是很濃郁 會波波的那種。
串燒部分也不錯 肉質都是嫩的
服務也很好，可以另外跟服務人員要白開水
這點很加分哈哈❤️
店裡乾淨衛生 服務人員態度也很好～
食物好吃 價格可以接受，大家可以來這邊小聚喔。"
餐點真的好好吃。來過很多次味道還是一樣
餐點超好吃有夠會烤！氣氛超級好
好好吃人都很好服務棒棒
"突然想吃串燒，拜谷歌大神發現這家老味噌。
服務人員都很親切熱情，店內冷氣夠強👍夏天喝酒聊天小酌推薦。推薦炒水蓮、麻糬、橫隔膜還有特別菜單神秘的膝蓋😎
有機會嘴饞了會回訪的店～"
"超級好吃！！
大推，店員服務很好，長得又帥"
"離台北橋捷運站不遠，蠻適合聚餐或下班來小酌🤣
每次必點牛舌跟明太子雞翅❤️ 店員雖然忙但服務親切會注意客人需求👍 …"
"身為一個社交恐怖份子
與人社交自古以來皆為我的首要責任
這裡的外場男店員會陪我跳晚安大小姐
本人倍感欣慰 這社會還有救
三重老味噌真是個好地方 身為一個外地人
再次體會到台灣人的熱情"
價格平價，餐點鹹香有味很搭飲料
上菜迅速、東西好吃、不會太鹹
"口味食材都很不錯
整體氣氛都很好
上餐速度快
非常適合小酌的地方
這邊大部分食材都是好吃但不會驚艷
最喜歡今天點的午仔魚🐟一夜干
肉質軟嫩外皮酥脆
最愛喝的是水蜜桃酒"
上菜速度超快！點了十多道菜完全外來不及吃😂😂😂道道美味！超推👍🏻👍🏻👍🏻 …
"和同事週五下班來聚餐，店裡客人全滿但上菜沒有等很久
餐點選擇多也好吃
最後打卡五星評論的烤麻糬也很好吃"
餐點有水準，美味可口，食材新鮮，是會想回訪的居酒屋，五星送麻糬一份
食物都好好吃 環境也很舒服 會再來！❤️
"好開心家裡附近開了氣氛好，食物cp值超高的居酒屋。
讓人想常來的店🥸
很舒適的空間，很滿足的食物，很用心的店家。 …"
第一次來，每樣都超好吃，非常推薦！
"三重居酒屋推薦 老味噌居酒屋 台北橋站居酒屋推薦 三重串燒推薦
妮妮今天又來推薦三重美味好吃、氣氛又好的居酒屋-老味噌居酒屋，老味噌居酒屋是三重新開的的日式居酒屋，從台北橋站出口過來約2-3分鐘路程，主打美味的料理、日式的氛圍，在妮妮心目中是一家CP值超高的居酒屋美食，尤其是老味噌居酒屋細微處的用心，對食材的要求，料理火侯的專業到位，讓人在深夜還可以享受到最好吃的日式美味，提供客人每一道料理都是婉如在日本品嘗到的美味，甚是有過之而無不及，華麗又美味，所以常常遇到人潮爆滿的情況，是一家適合朋友來聚餐的高CP值日式居酒屋餐廳。"
"肉品質很好，烤的恰到好處，不會過鹹
推薦七里香，和牛系列
味增鮭魚的魚片好大啊，好好喝
有機會會回訪：））
店員態度都很好唷，"
鮭魚炒飯好好吃！串燒都偏重口味，個人喜好牛小排.明太子山藥.橫隔膜.蛤蜊湯必備.培根包鳥蛋也很特別上面還有焦糖. 小缺點 把別人的餐上給我們 還好我們沒動的歸還.不過我看他直接在拿到別桌…我覺得有點小不衛生 雖然我們沒使用…另外收盤時建議先詢問是否使用完比較禮貌歐～
我覺得中規中矩cp值不高的居酒屋，明太子雞肉串用的是雞胸，第二，烏龍麵裝不到兩碗的量，令我相當傻眼，老實說附近碳烤cp值遠遠高於他，實話實說真的普通
"烤物選擇多👍🏻
櫻桃鴨、明太子雞腿、烏龍麵都很好吃❤️
炸物推薦牛蒡天婦羅～"
東西好吃也有一些比較特別的菜品 店員人很親切整體裝潢也不會很擁擠蠻舒適的！適合跟朋朋們聚會💕麻糬好好吃冷掉ㄌ也好吃(  ᵒ̴̶̷̥́ _ᵒ̴̶̷̣̥̀  ) …
"打卡送日式烤麻糬~
老闆服務非常好~~
東西也都很好吃 讚讚讚~"
去過情人節，這次餐點感覺比以前進步，煉乳麻糬很好吃欸～美中不足是揚出豆腐不嫩..然後奶油馬鈴薯也不太行，其他動物類都還不錯吃喔！柚子酒很好喝啦！
讓人彷彿置身於日本的居酒屋🏮裝潢、氛圍都很到位，現場人聲鼎沸、非常道地的串燒和生啤酒🍻
東西非常好吃，且上菜速度很快，值得再來！
牛橫隔膜好吃 店內氣氛不錯
燒肉分量很足也很嫩，環境氛圍也贊，三兩朋友坐吧檯一起喝酒吃小菜很有感覺！最後推一下柚子酒！
"從板橋吃到新莊，終於在三重也開店了
每一道餐點都超好吃！！"
合適跟朋友暢聊小聚的好所在
"來過好幾次了～
心中第一名的居酒屋"
很適合和家人聚餐的好地方
店內氣氛很好 店員服務態度佳 料理都很下酒好吃🫶
評分送烤麻糬！但食物和環境是真的很不錯！烏龍麵入味、松阪豬烤的很入味很好吃
好好ㄘ，ㄘ過江子翠店還有三重店，喜歡三重店的店內空間。麻吉燒世界好ㄘ，所以沒有拍到照
東西好吃，幾乎沒有雷的。服務態度很好，出餐很迅速。
餐點美味，服務用心，期待再訪
"第一次來吃，真的一定要訂位🤤
白醬奶油海鮮烏龍麵真的拜託一定要點，不點一定會後悔，一定會在來二訪❤️❤️❤️❤️❤️ …"
很好吃，上菜速度快，店裡氣氛很好，吧台位子安排的很好，離旁邊的客人至少有一人的距離。
真的超級好吃！來第二次了！
"好吃好吃！
一個月來2-3 次了
價格便宜又好味"
氣氛好食物好吃值得推薦
東西好好吃，客人很多，但是上菜時間非常快， 建議先訂位，是很愉快的用餐經驗
"很幸運在禮拜五晚上還能有位置
很推薦秘制雞卷唐揚☺️☺️☺️"
家人聚餐，很好吃的居酒屋，小孩很愛圓鱈魚下巴，太好吃忘了拍照，直到上甜點麻糬才想起來
東西真的好吃大推！上菜上很快～
東西好吃，服務佳，環境很日本風👍 …
"由於好評，我帶著很高的期望去了那裡。
我簡直不敢相信這是一家在客戶服務和食物方面都獲得 4.8 評分的餐廳。令人失望。我永遠不會再去那裡了。"
"儘管商店看起來很漂亮，但我不會說日語。菜單也只有中文和英文。
食物很美味。
直接用紅鉛筆查看菜單並下訂單。"
好吃
"真的好吃的😋
我推進喔！ ！ ！
食物整潔美味👍 …"
好吃美味又健康
"很好的地方，有很好的服務生。食物也不錯。
然而廚房太慢了。"
"Round2
Cp值高"
不用跑到台北就有好吃居酒屋😋
麻糬好好吃
"上餐速度非常快！
食物也都很好吃😋 …"
食物都很好吃👍
三重好吃的居酒屋，吃一百次了
好吃，一上菜就吃完了
好的
環境舒服，東西好吃，推薦！
好吃😋
想拿日式烤麻吉(⁎⁍̴̛ᴗ⁍̴̛⁎)
餐品不俗，推
好吃😋
超好吃
五星級送麻糬
好好吃喔
CP值很高，也很好吃
很棒
氣氛很棒，是與朋友一起喝酒和吃飯的好地方
有招待毛豆
好吃～
好吃
食物好，品質好，價格合理！
生啤好喝👍 …
每道都好吃😋
完全不踩雷，大推🥰🥰
日式烤麻糬超好吃
好吃，上菜很快
好吃
麻吉好吃
超棒
超棒
好吃
好吃
好吃
吃好多次了好吃
好吃
好吃
有好吃的毛豆哦！ ！
好吃😋
非常好吃
好好吃❤️
很好吃喔
很棒的居酒屋🏮
好吃
好吃
食物很美味
好吃好吃再吃
超好吃！出餐也很快！
食物真的很棒！雞肉串和奶油烏龍麵很棒😍 …
很好
"烤物炸物都好吃
CP值高❤️"
"我點了一杯高球威士忌。
有兩種選擇：用檸檬cc稀釋和蘇打水稀釋，但不幸的是菜單上沒有列出。"
一個遊覽的好地方。氣氛很好！
好吃
好吃
好好吃～～～～
好吃
典型的日本螺絲餐廳。優質的服務，美味的食物和冰啤酒。
很棒
好ㄘ
台北最好吃的居酒屋😍😍
大推！ ！三重 前三名居酒屋✨好吃好吃😋
好吃
好吃👍 …
好吃又好喝！
酒上的很快很好很棒Asahi很好喝
超好吃
好吃😋好喝
老味增 好吃
好好吃
灰常好吃
高CP值
美味的食物，良好的服務和良好的氛圍，很棒的工作。
每一道菜都好吃，推推
好吃好吃
很好吃
"茶梅酒很好喝👍 妹仔必喝
菜色很美味 …"
真的很好吃
有在好吃😋 …
老味增豚肉串很好吃
很好吃！培根角椒好辣🥺
QQ蛋很好吃😋
推推
太好吃啦 全部都好吃
真的很吃 酒也很好喝
好吃😋
好吃😍
好吃
好吃，好吃，好好吃
好吃😋
好好吃🤤！朋友相聚的好地方
烤麻糬很好吃
好吃😋
好吃
好吃👍🏻 …
老地方 老味道
好好吃 全部吃完
好吃!!
好吃(#^.^#)
好吃推推！
好吃👍 …
麻糬超好吃！
好吃！ ！
好吃😋
偉大的！
不便宜 但好吃
好棒
好吃
超好吃！ ！
老味增豚肉串推推哦❤️
好吃
真的很好吃！我推👍 …
很棒
好吃
好吃😋
好吃有特色
很好吃
好吃好吃😋 …
偉大的！
棒子🎉 …
非常好吃
好ㄘ！
打卡送烤麻糬喔
每一道都好好吃！
非常好吃
有送烤麻糬喔
角椒好吃！麻吉好吃～桃太郎丸子也好吃 都好好吃 好吃好吃好吃
真的超辣
明太子超好吃！
一百分
超好吃
麻糬好吃～
好吃又便宜(￣∇￣)
好吃
好吃😋好吃😋好好吃😋 …
好吃
太好吃了👍🏻
食物超好吃
好吃，上菜快👍👍👍 …
好吃
人多好吃
好吃
94超好吃😋 …
好吃
好吃好吃
好吃
好吃
好吃
好吃
"好吃😋
聚餐的好地方😊 …"
好吃喔
很棒的一家店喔喔喔喔喔
好吃
好吃推推
好吃
好吃
好ㄘ
宵夜聚餐好地方
麻吉好吃~~
好吃推推
送日式烤麻糬
